CALCULATED GLOBAL BOUNDS:
 Min: [-38.547934538231026, -42.72514336579763, 0.0]
 Max: [35.70832388381004, 43.01859821216165, 31.40431227338575]